9156
9156
9157
9157
9158
9158
9159
9159
9246
9246
9160
9160
9162
9162
9163
9163
9164
9164
9165
9165
9166
9166
9167
9167
9169
9169
9170
9170
9243
9243
9172
9172
9174
9174
9175
9175
9176
9176
9177
9177
9179
9179
9178
9178
9180
9180
9181
9181
9182
9182
9183
9183
9184
9184
9244
9244
9186
9186
9187
9187
9188
9188
9245
9245
9189
9189
9190
9190
9192
9192
9191
9191
9194
9194
9193
9193
9196
9196
9195
9195
9197
9197
9198
9198
9199
9199
9200
9200
9201
9201
9202
9202
9203
9203
9204
9204
9205
9205
9206
9206
9207
9207
9208
9208
9209
9209
9210
9210
9211
9211
9212
9212
9213
9213
11219
11219
9214
9214
9215
9215
9216
9216
9217
9217
9218
9218
9219
9219
9220
9220
9221
9221
9222
9222
9223
9223
9224
9224
9225
9225
9226
9226
9227
9227
9228
9228
9229
9229
9230
9230
9161
9161
9168
9168
9171
9171
9247
9247
9248
9248
9239
9239
9240
9240
9237
9237
9249
9249
9173
9173
9185
9185
9233
9233
9236
9236
9231
9231
9238
9238
9232
9232
9234
9234
9242
9242